0,451
0,450
0,449
0,386
43,52
43,51
43,50
43,49
43,48
43,47
43,46
43,45
43,44
43,43
43,42
43,41
43,40
43,39
43,38
43,37
43,36
0,273
0,270
43,35
3,2
10,290
10,170
10,232
10,146
10,106
10,160
10,22
10,218
10,2
10,3
9,7
9,6
9,1
9,4
9,3
8,13
8,18
8,4
8,15
37,3
37,2
37,1
37,0
36,4
36,3
36,2
36,1
36,0
33,4
33,3
33,2
33,1
33,0
32,5
32,4
32,3
32,2
32,1
32,0
31,4
31,3
31,2
31,1
31,0
27,3
27,2
27,1
27,0
25,3
25,2
25,1
25,0
24,3
24,2
24,1
20,2
20,1
12,3
12,2
20,3
12,1
11,27
11,26
11,25
11,24
11,22
11,21
11,18
11,17
11,16
11,15
11,14
11,13
11,12
